20 30
84 87 78 16 94 36 87 93 50 22 63 28 91 60 64 27 41 27 73 37 12 69 68 30 83 31 63 24 68 36 
1 14
8 7 14 21 3 9 22 1 18 12 29 27 13 16 
3
2 5 11 
2 9
2 26 0 5 23 16 1 3 20 
4
1 11 14 16 
3 5
27 14 16 15 1 
1
14 
4 11
3 27 14 12 15 16 9 5 13 17 24 
0

5 5
24 8 6 7 18 
3
1 13 15 
6 8
22 18 14 0 11 19 12 26 
1
11 
7 11
2 21 17 28 24 27 10 6 29 15 14 
1
12 
8 7
4 26 22 1 15 29 20 
0

9 14
14 29 23 6 3 17 16 5 9 21 7 10 27 11 
1
15 
10 13
8 23 6 9 10 5 28 2 21 0 29 3 18 
1
14 
11 10
13 20 8 14 21 28 26 5 1 29 
4
1 2 6 20 
12 5
26 17 24 14 4 
2
7 18 
13 8
28 11 17 21 25 9 16 22 
1
5 
14 10
3 13 15 7 24 17 1 29 8 25 
3
2 3 10 
15 6
13 26 4 18 23 9 
4
5 9 19 20 
16 13
3 14 23 6 0 17 27 10 4 18 28 26 9 
2
2 17 
17 5
0 4 5 29 22 
1
16 
18 10
4 15 27 7 14 16 9 2 29 12 
3
12 19 20 
19 13
0 15 22 10 8 2 16 28 11 1 18 29 3 
3
15 18 20 
20 10
27 14 16 8 26 12 5 0 4 6 
4
11 15 18 19 
